{
 "cells": [
  {
   "cell_type": "code",
   "execution_count": 4,
   "id": "51d3714f",
   "metadata": {},
   "outputs": [],
   "source": [
    "import numpy as np  \n",
    "import pandas as pd  \n",
    "import matplotlib.pyplot as plt\n",
    "plt.style.use('ggplot')\n",
    "import seaborn as sns    \n",
    "import warnings\n",
    "warnings.simplefilter(action='ignore')"
   ]
  },
  {
   "cell_type": "code",
   "execution_count": 5,
   "id": "3edb30c6",
   "metadata": {},
   "outputs": [
    {
     "data": {
      "text/html": [
       "<div>\n",
       "<style scoped>\n",
       "    .dataframe tbody tr th:only-of-type {\n",
       "        vertical-align: middle;\n",
       "    }\n",
       "\n",
       "    .dataframe tbody tr th {\n",
       "        vertical-align: top;\n",
       "    }\n",
       "\n",
       "    .dataframe thead th {\n",
       "        text-align: right;\n",
       "    }\n",
       "</style>\n",
       "<table border=\"1\" class=\"dataframe\">\n",
       "  <thead>\n",
       "    <tr style=\"text-align: right;\">\n",
       "      <th></th>\n",
       "      <th>customerID</th>\n",
       "      <th>gender</th>\n",
       "      <th>SeniorCitizen</th>\n",
       "      <th>Partner</th>\n",
       "      <th>Dependents</th>\n",
       "      <th>tenure</th>\n",
       "      <th>PhoneService</th>\n",
       "      <th>MultipleLines</th>\n",
       "      <th>InternetService</th>\n",
       "      <th>OnlineSecurity</th>\n",
       "      <th>...</th>\n",
       "      <th>DeviceProtection</th>\n",
       "      <th>TechSupport</th>\n",
       "      <th>StreamingTV</th>\n",
       "      <th>StreamingMovies</th>\n",
       "      <th>Contract</th>\n",
       "      <th>PaperlessBilling</th>\n",
       "      <th>PaymentMethod</th>\n",
       "      <th>MonthlyCharges</th>\n",
       "      <th>TotalCharges</th>\n",
       "      <th>Churn</th>\n",
       "    </tr>\n",
       "  </thead>\n",
       "  <tbody>\n",
       "    <tr>\n",
       "      <th>0</th>\n",
       "      <td>7590-VHVEG</td>\n",
       "      <td>Female</td>\n",
       "      <td>0</td>\n",
       "      <td>Yes</td>\n",
       "      <td>No</td>\n",
       "      <td>1</td>\n",
       "      <td>No</td>\n",
       "      <td>No phone service</td>\n",
       "      <td>DSL</td>\n",
       "      <td>No</td>\n",
       "      <td>...</td>\n",
       "      <td>No</td>\n",
       "      <td>No</td>\n",
       "      <td>No</td>\n",
       "      <td>No</td>\n",
       "      <td>Month-to-month</td>\n",
       "      <td>Yes</td>\n",
       "      <td>Electronic check</td>\n",
       "      <td>29.85</td>\n",
       "      <td>29.85</td>\n",
       "      <td>No</td>\n",
       "    </tr>\n",
       "    <tr>\n",
       "      <th>1</th>\n",
       "      <td>5575-GNVDE</td>\n",
       "      <td>Male</td>\n",
       "      <td>0</td>\n",
       "      <td>No</td>\n",
       "      <td>No</td>\n",
       "      <td>34</td>\n",
       "      <td>Yes</td>\n",
       "      <td>No</td>\n",
       "      <td>DSL</td>\n",
       "      <td>Yes</td>\n",
       "      <td>...</td>\n",
       "      <td>Yes</td>\n",
       "      <td>No</td>\n",
       "      <td>No</td>\n",
       "      <td>No</td>\n",
       "      <td>One year</td>\n",
       "      <td>No</td>\n",
       "      <td>Mailed check</td>\n",
       "      <td>56.95</td>\n",
       "      <td>1889.5</td>\n",
       "      <td>No</td>\n",
       "    </tr>\n",
       "    <tr>\n",
       "      <th>2</th>\n",
       "      <td>3668-QPYBK</td>\n",
       "      <td>Male</td>\n",
       "      <td>0</td>\n",
       "      <td>No</td>\n",
       "      <td>No</td>\n",
       "      <td>2</td>\n",
       "      <td>Yes</td>\n",
       "      <td>No</td>\n",
       "      <td>DSL</td>\n",
       "      <td>Yes</td>\n",
       "      <td>...</td>\n",
       "      <td>No</td>\n",
       "      <td>No</td>\n",
       "      <td>No</td>\n",
       "      <td>No</td>\n",
       "      <td>Month-to-month</td>\n",
       "      <td>Yes</td>\n",
       "      <td>Mailed check</td>\n",
       "      <td>53.85</td>\n",
       "      <td>108.15</td>\n",
       "      <td>Yes</td>\n",
       "    </tr>\n",
       "    <tr>\n",
       "      <th>3</th>\n",
       "      <td>7795-CFOCW</td>\n",
       "      <td>Male</td>\n",
       "      <td>0</td>\n",
       "      <td>No</td>\n",
       "      <td>No</td>\n",
       "      <td>45</td>\n",
       "      <td>No</td>\n",
       "      <td>No phone service</td>\n",
       "      <td>DSL</td>\n",
       "      <td>Yes</td>\n",
       "      <td>...</td>\n",
       "      <td>Yes</td>\n",
       "      <td>Yes</td>\n",
       "      <td>No</td>\n",
       "      <td>No</td>\n",
       "      <td>One year</td>\n",
       "      <td>No</td>\n",
       "      <td>Bank transfer (automatic)</td>\n",
       "      <td>42.30</td>\n",
       "      <td>1840.75</td>\n",
       "      <td>No</td>\n",
       "    </tr>\n",
       "    <tr>\n",
       "      <th>4</th>\n",
       "      <td>9237-HQITU</td>\n",
       "      <td>Female</td>\n",
       "      <td>0</td>\n",
       "      <td>No</td>\n",
       "      <td>No</td>\n",
       "      <td>2</td>\n",
       "      <td>Yes</td>\n",
       "      <td>No</td>\n",
       "      <td>Fiber optic</td>\n",
       "      <td>No</td>\n",
       "      <td>...</td>\n",
       "      <td>No</td>\n",
       "      <td>No</td>\n",
       "      <td>No</td>\n",
       "      <td>No</td>\n",
       "      <td>Month-to-month</td>\n",
       "      <td>Yes</td>\n",
       "      <td>Electronic check</td>\n",
       "      <td>70.70</td>\n",
       "      <td>151.65</td>\n",
       "      <td>Yes</td>\n",
       "    </tr>\n",
       "  </tbody>\n",
       "</table>\n",
       "<p>5 rows × 21 columns</p>\n",
       "</div>"
      ],
      "text/plain": [
       "   customerID  gender  SeniorCitizen Partner Dependents  tenure PhoneService  \\\n",
       "0  7590-VHVEG  Female              0     Yes         No       1           No   \n",
       "1  5575-GNVDE    Male              0      No         No      34          Yes   \n",
       "2  3668-QPYBK    Male              0      No         No       2          Yes   \n",
       "3  7795-CFOCW    Male              0      No         No      45           No   \n",
       "4  9237-HQITU  Female              0      No         No       2          Yes   \n",
       "\n",
       "      MultipleLines InternetService OnlineSecurity  ... DeviceProtection  \\\n",
       "0  No phone service             DSL             No  ...               No   \n",
       "1                No             DSL            Yes  ...              Yes   \n",
       "2                No             DSL            Yes  ...               No   \n",
       "3  No phone service             DSL            Yes  ...              Yes   \n",
       "4                No     Fiber optic             No  ...               No   \n",
       "\n",
       "  TechSupport StreamingTV StreamingMovies        Contract PaperlessBilling  \\\n",
       "0          No          No              No  Month-to-month              Yes   \n",
       "1          No          No              No        One year               No   \n",
       "2          No          No              No  Month-to-month              Yes   \n",
       "3         Yes          No              No        One year               No   \n",
       "4          No          No              No  Month-to-month              Yes   \n",
       "\n",
       "               PaymentMethod MonthlyCharges  TotalCharges Churn  \n",
       "0           Electronic check          29.85         29.85    No  \n",
       "1               Mailed check          56.95        1889.5    No  \n",
       "2               Mailed check          53.85        108.15   Yes  \n",
       "3  Bank transfer (automatic)          42.30       1840.75    No  \n",
       "4           Electronic check          70.70        151.65   Yes  \n",
       "\n",
       "[5 rows x 21 columns]"
      ]
     },
     "execution_count": 5,
     "metadata": {},
     "output_type": "execute_result"
    }
   ],
   "source": [
    "data = pd.read_csv('Vodafone_Customer_Churn_Sample_Dataset.csv')\n",
    "data.head()"
   ]
  },
  {
   "cell_type": "markdown",
   "id": "a5abe877",
   "metadata": {},
   "source": [
    "Convert TotalCharges from string to numeric datatype."
   ]
  },
  {
   "cell_type": "code",
   "execution_count": 6,
   "id": "a69e1b0c",
   "metadata": {},
   "outputs": [
    {
     "data": {
      "text/plain": [
       "dtype('O')"
      ]
     },
     "execution_count": 6,
     "metadata": {},
     "output_type": "execute_result"
    }
   ],
   "source": [
    "data['TotalCharges'].dtype"
   ]
  },
  {
   "cell_type": "code",
   "execution_count": 7,
   "id": "de41e2ad",
   "metadata": {},
   "outputs": [
    {
     "data": {
      "text/plain": [
       "dtype('float64')"
      ]
     },
     "execution_count": 7,
     "metadata": {},
     "output_type": "execute_result"
    }
   ],
   "source": [
    "data['TotalCharges'] = pd.to_numeric(data['TotalCharges'], errors='coerce')\n",
    "data['TotalCharges'].dtype"
   ]
  },
  {
   "cell_type": "code",
   "execution_count": 8,
   "id": "83295d90",
   "metadata": {},
   "outputs": [],
   "source": [
    "df = data.copy()"
   ]
  },
  {
   "cell_type": "markdown",
   "id": "84bd4a4e",
   "metadata": {},
   "source": [
    "## Feature Engineering"
   ]
  },
  {
   "cell_type": "markdown",
   "id": "edf2608d",
   "metadata": {},
   "source": [
    "Encoding the binary variables as 1 or 0"
   ]
  },
  {
   "cell_type": "code",
   "execution_count": 9,
   "id": "8beb9ca5",
   "metadata": {},
   "outputs": [],
   "source": [
    "df.gender = df.gender.replace({'Female':1,'Male':0})\n",
    "binary_cols = ['SeniorCitizen','Partner','Dependents','PhoneService','PaperlessBilling','Churn',\n",
    "               ]\n",
    "\n",
    "for col in binary_cols:\n",
    "    df[col] = df[col].replace({'Yes':1, 'No':0})\n"
   ]
  },
  {
   "cell_type": "markdown",
   "id": "e1446677",
   "metadata": {},
   "source": [
    "One-hot encoding the categorical variables with more than 2 categories"
   ]
  },
  {
   "cell_type": "code",
   "execution_count": 10,
   "id": "74d4bcc1",
   "metadata": {},
   "outputs": [],
   "source": [
    "multi_cat_cols = ['MultipleLines','InternetService','Contract','PaymentMethod','OnlineSecurity','OnlineBackup','DeviceProtection',\n",
    "               'TechSupport','StreamingTV','StreamingMovies']\n",
    "\n",
    "df = pd.get_dummies(df, columns=multi_cat_cols, drop_first=True)"
   ]
  },
  {
   "cell_type": "code",
   "execution_count": 11,
   "id": "f31e82c9",
   "metadata": {},
   "outputs": [
    {
     "data": {
      "text/plain": [
       "Index(['customerID', 'gender', 'SeniorCitizen', 'Partner', 'Dependents',\n",
       "       'tenure', 'PhoneService', 'PaperlessBilling', 'MonthlyCharges',\n",
       "       'TotalCharges', 'Churn', 'MultipleLines_No phone service',\n",
       "       'MultipleLines_Yes', 'InternetService_Fiber optic',\n",
       "       'InternetService_No', 'Contract_One year', 'Contract_Two year',\n",
       "       'PaymentMethod_Credit card (automatic)',\n",
       "       'PaymentMethod_Electronic check', 'PaymentMethod_Mailed check',\n",
       "       'OnlineSecurity_No internet service', 'OnlineSecurity_Yes',\n",
       "       'OnlineBackup_No internet service', 'OnlineBackup_Yes',\n",
       "       'DeviceProtection_No internet service', 'DeviceProtection_Yes',\n",
       "       'TechSupport_No internet service', 'TechSupport_Yes',\n",
       "       'StreamingTV_No internet service', 'StreamingTV_Yes',\n",
       "       'StreamingMovies_No internet service', 'StreamingMovies_Yes'],\n",
       "      dtype='object')"
      ]
     },
     "execution_count": 11,
     "metadata": {},
     "output_type": "execute_result"
    }
   ],
   "source": [
    "df.columns"
   ]
  },
  {
   "cell_type": "markdown",
   "id": "b811850f",
   "metadata": {},
   "source": [
    "As described in the EDA, there are the 11 null values for TotalCharges with 0 (these are customers with tenure of 0, i.e. new customers who have not been charged anything yet). \n",
    "\n",
    "We set the TotalCharges for these as 0, as they may not have been charged anything yet due to their new billing cycle being yet to start."
   ]
  },
  {
   "cell_type": "code",
   "execution_count": 12,
   "id": "445ba169",
   "metadata": {},
   "outputs": [
    {
     "data": {
      "text/html": [
       "<div>\n",
       "<style scoped>\n",
       "    .dataframe tbody tr th:only-of-type {\n",
       "        vertical-align: middle;\n",
       "    }\n",
       "\n",
       "    .dataframe tbody tr th {\n",
       "        vertical-align: top;\n",
       "    }\n",
       "\n",
       "    .dataframe thead th {\n",
       "        text-align: right;\n",
       "    }\n",
       "</style>\n",
       "<table border=\"1\" class=\"dataframe\">\n",
       "  <thead>\n",
       "    <tr style=\"text-align: right;\">\n",
       "      <th></th>\n",
       "      <th>customerID</th>\n",
       "      <th>tenure</th>\n",
       "      <th>MonthlyCharges</th>\n",
       "      <th>TotalCharges</th>\n",
       "    </tr>\n",
       "  </thead>\n",
       "  <tbody>\n",
       "    <tr>\n",
       "      <th>488</th>\n",
       "      <td>4472-LVYGI</td>\n",
       "      <td>0</td>\n",
       "      <td>52.55</td>\n",
       "      <td>NaN</td>\n",
       "    </tr>\n",
       "    <tr>\n",
       "      <th>753</th>\n",
       "      <td>3115-CZMZD</td>\n",
       "      <td>0</td>\n",
       "      <td>20.25</td>\n",
       "      <td>NaN</td>\n",
       "    </tr>\n",
       "    <tr>\n",
       "      <th>936</th>\n",
       "      <td>5709-LVOEQ</td>\n",
       "      <td>0</td>\n",
       "      <td>80.85</td>\n",
       "      <td>NaN</td>\n",
       "    </tr>\n",
       "    <tr>\n",
       "      <th>1082</th>\n",
       "      <td>4367-NUYAO</td>\n",
       "      <td>0</td>\n",
       "      <td>25.75</td>\n",
       "      <td>NaN</td>\n",
       "    </tr>\n",
       "    <tr>\n",
       "      <th>1340</th>\n",
       "      <td>1371-DWPAZ</td>\n",
       "      <td>0</td>\n",
       "      <td>56.05</td>\n",
       "      <td>NaN</td>\n",
       "    </tr>\n",
       "    <tr>\n",
       "      <th>3331</th>\n",
       "      <td>7644-OMVMY</td>\n",
       "      <td>0</td>\n",
       "      <td>19.85</td>\n",
       "      <td>NaN</td>\n",
       "    </tr>\n",
       "    <tr>\n",
       "      <th>3826</th>\n",
       "      <td>3213-VVOLG</td>\n",
       "      <td>0</td>\n",
       "      <td>25.35</td>\n",
       "      <td>NaN</td>\n",
       "    </tr>\n",
       "    <tr>\n",
       "      <th>4380</th>\n",
       "      <td>2520-SGTTA</td>\n",
       "      <td>0</td>\n",
       "      <td>20.00</td>\n",
       "      <td>NaN</td>\n",
       "    </tr>\n",
       "    <tr>\n",
       "      <th>5218</th>\n",
       "      <td>2923-ARZLG</td>\n",
       "      <td>0</td>\n",
       "      <td>19.70</td>\n",
       "      <td>NaN</td>\n",
       "    </tr>\n",
       "    <tr>\n",
       "      <th>6670</th>\n",
       "      <td>4075-WKNIU</td>\n",
       "      <td>0</td>\n",
       "      <td>73.35</td>\n",
       "      <td>NaN</td>\n",
       "    </tr>\n",
       "    <tr>\n",
       "      <th>6754</th>\n",
       "      <td>2775-SEFEE</td>\n",
       "      <td>0</td>\n",
       "      <td>61.90</td>\n",
       "      <td>NaN</td>\n",
       "    </tr>\n",
       "  </tbody>\n",
       "</table>\n",
       "</div>"
      ],
      "text/plain": [
       "      customerID  tenure  MonthlyCharges  TotalCharges\n",
       "488   4472-LVYGI       0           52.55           NaN\n",
       "753   3115-CZMZD       0           20.25           NaN\n",
       "936   5709-LVOEQ       0           80.85           NaN\n",
       "1082  4367-NUYAO       0           25.75           NaN\n",
       "1340  1371-DWPAZ       0           56.05           NaN\n",
       "3331  7644-OMVMY       0           19.85           NaN\n",
       "3826  3213-VVOLG       0           25.35           NaN\n",
       "4380  2520-SGTTA       0           20.00           NaN\n",
       "5218  2923-ARZLG       0           19.70           NaN\n",
       "6670  4075-WKNIU       0           73.35           NaN\n",
       "6754  2775-SEFEE       0           61.90           NaN"
      ]
     },
     "execution_count": 12,
     "metadata": {},
     "output_type": "execute_result"
    }
   ],
   "source": [
    "df[df['TotalCharges'].isna()][['customerID','tenure','MonthlyCharges','TotalCharges']]"
   ]
  },
  {
   "cell_type": "code",
   "execution_count": 13,
   "id": "d33045a0",
   "metadata": {},
   "outputs": [],
   "source": [
    "df.loc[df['tenure']==0, 'TotalCharges'] = 0"
   ]
  },
  {
   "cell_type": "code",
   "execution_count": 14,
   "id": "2c195df3",
   "metadata": {},
   "outputs": [
    {
     "data": {
      "application/vnd.plotly.v1+json": {
       "config": {
        "plotlyServerURL": "https://plot.ly"
       },
       "data": [
        {
         "coloraxis": "coloraxis",
         "hovertemplate": "Correlation: %{z:.2f}",
         "name": "0",
         "type": "heatmap",
         "x": [
          "gender",
          "SeniorCitizen",
          "Partner",
          "Dependents",
          "tenure",
          "PhoneService",
          "PaperlessBilling",
          "MonthlyCharges",
          "TotalCharges",
          "Churn",
          "MultipleLines_No phone service",
          "MultipleLines_Yes",
          "InternetService_Fiber optic",
          "InternetService_No",
          "Contract_One year",
          "Contract_Two year",
          "PaymentMethod_Credit card (automatic)",
          "PaymentMethod_Electronic check",
          "PaymentMethod_Mailed check",
          "OnlineSecurity_No internet service",
          "OnlineSecurity_Yes",
          "OnlineBackup_No internet service",
          "OnlineBackup_Yes",
          "DeviceProtection_No internet service",
          "DeviceProtection_Yes",
          "TechSupport_No internet service",
          "TechSupport_Yes",
          "StreamingTV_No internet service",
          "StreamingTV_Yes",
          "StreamingMovies_No internet service",
          "StreamingMovies_Yes"
         ],
         "xaxis": "x",
         "y": [
          "gender",
          "SeniorCitizen",
          "Partner",
          "Dependents",
          "tenure",
          "PhoneService",
          "PaperlessBilling",
          "MonthlyCharges",
          "TotalCharges",
          "Churn",
          "MultipleLines_No phone service",
          "MultipleLines_Yes",
          "InternetService_Fiber optic",
          "InternetService_No",
          "Contract_One year",
          "Contract_Two year",
          "PaymentMethod_Credit card (automatic)",
          "PaymentMethod_Electronic check",
          "PaymentMethod_Mailed check",
          "OnlineSecurity_No internet service",
          "OnlineSecurity_Yes",
          "OnlineBackup_No internet service",
          "OnlineBackup_Yes",
          "DeviceProtection_No internet service",
          "DeviceProtection_Yes",
          "TechSupport_No internet service",
          "TechSupport_Yes",
          "StreamingTV_No internet service",
          "StreamingTV_Yes",
          "StreamingMovies_No internet service",
          "StreamingMovies_Yes"
         ],
         "yaxis": "y",
         "z": [
          [
           1,
           0.0018737116382606725,
           0.0018080796617889992,
           -0.01051661192273409,
           -0.005106222619949836,
           0.006487672136208218,
           0.011753691221222188,
           0.014569323728667328,
           0.00008030345627874582,
           0.008612095078997803,
           -0.00648767213620821,
           0.008413655871516405,
           0.011286442720116632,
           -0.006025751154069734,
           -0.008025643075007383,
           0.0036950508034765835,
           -0.0012147794729687603,
           -0.000752180701195118,
           -0.013744173305346297,
           -0.006025751154069734,
           0.017020796813959366,
           -0.006025751154069734,
           0.013773188729006026,
           -0.006025751154069734,
           0.0021045826513887023,
           -0.006025751154069734,
           0.009211760356587639,
           -0.006025751154069734,
           0.008392549998357647,
           -0.006025751154069734,
           0.010487356300500295
          ],
          [
           0.0018737116382606725,
           1,
           0.016478657597413886,
           -0.2111850884939574,
           0.01656687768180933,
           0.008576401079279383,
           0.15652955931117263,
           0.22017333857627205,
           0.1030061840795253,
           0.1508893281764724,
           -0.008576401079279376,
           0.14294817476276167,
           0.2553377729551272,
           -0.1827417229067252,
           -0.04626244292701932,
           -0.11700001812504586,
           -0.024135372360318853,
           0.17171777869093566,
           -0.1534774904289598,
           -0.1827417229067252,
           -0.038652704497195135,
           -0.1827417229067252,
           0.06657213514513477,
           -0.1827417229067252,
           0.05942849428693291,
           -0.1827417229067252,
           -0.06062459069356331,
           -0.1827417229067252,
           0.10537766784282361,
           -0.1827417229067252,
           0.12017625118896447
          ],
          [
           0.0018080796617889992,
           0.016478657597413886,
           1,
           0.45267628292946593,
           0.37969746116829306,
           0.017705663223971973,
           -0.014876622287891073,
           0.09684793625647482,
           0.3175040180528807,
           -0.15044754495917612,
           -0.017705663223972053,
           0.14205707936228554,
           0.0003036654164642693,
           0.000615165086389719,
           0.08278330748148334,
           0.2480906545375639,
           0.08202919645732594,
           -0.0838516893627104,
           -0.0951248588229323,
           0.000615165086389719,
           0.14310622750264376,
           0.000615165086389719,
           0.14149801947228105,
           0.000615165086389719,
           0.1537864356307786,
           0.000615165086389719,
           0.11999886976431598,
           0.000615165086389719,
           0.12466580056491713,
           0.000615165086389719,
           0.11741185447194484
          ],
          [
           -0.01051661192273409,
           -0.2111850884939574,
           0.45267628292946593,
           1,
           0.1597123312169179,
           -0.0017616785446837246,
           -0.11137722919364466,
           -0.11389023002193575,
           0.06207819481604354,
           -0.16422140157972534,
           0.001761678544683746,
           -0.0245258044141005,
           -0.165818358755422,
           0.13981188531167849,
           0.06836848043822046,
           0.20461344694774097,
           0.06026700017636762,
           -0.15064248847911282,
           0.05907101281466744,
           0.13981188531167849,
           0.08097166023248388,
           0.13981188531167849,
           0.023671013010513376,
           0.13981188531167849,
           0.013962535653790237,
           0.13981188531167849,
           0.06326814139965373,
           0.13981188531167849,
           -0.01655774295103743,
           0.13981188531167849,
           -0.0397409620589235
          ],
          [
           -0.005106222619949836,
           0.01656687768180933,
           0.37969746116829306,
           0.1597123312169179,
           1,
           0.00844820673274377,
           0.006152481598271076,
           0.24789985628615108,
           0.8261783979502434,
           -0.35222867011307873,
           -0.008448206732743829,
           0.3319405556091875,
           0.019720367686755655,
           -0.03906198211042829,
           0.20257047544941764,
           0.5585326708193885,
           0.2330055250125013,
           -0.20836250343948987,
           -0.23385205012387283,
           -0.03906198211042829,
           0.3272027731682451,
           -0.03906198211042829,
           0.36027698898467386,
           -0.03906198211042829,
           0.36065286693247145,
           -0.03906198211042829,
           0.32422077199936566,
           -0.03906198211042829,
           0.27975608223591575,
           -0.03906198211042829,
           0.28611058777846027
          ],
          [
           0.006487672136208218,
           0.008576401079279383,
           0.017705663223971973,
           -0.0017616785446837246,
           0.00844820673274377,
           1,
           0.016504805732569582,
           0.24739796321413568,
           0.11321354444457563,
           0.011941980029003048,
           -1,
           0.2796899947429133,
           0.2899989345730813,
           0.17220876982805305,
           -0.0027906430986324826,
           0.0035189075685082005,
           -0.00772116000909938,
           0.00306182984543006,
           -0.0033187895436075673,
           0.17220876982805305,
           -0.09289270011220853,
           0.17220876982805305,
           -0.05231224294763546,
           0.17220876982805305,
           -0.07122688671747501,
           0.17220876982805305,
           -0.09633961826825965,
           0.17220876982805305,
           -0.02257359179493708,
           0.17220876982805305,
           -0.032958892364780966
          ],
          [
           0.011753691221222188,
           0.15652955931117263,
           -0.014876622287891073,
           -0.11137722919364466,
           0.006152481598271076,
           0.016504805732569582,
           1,
           0.3521499677959872,
           0.15857437033154356,
           0.1918253316664687,
           -0.016504805732569572,
           0.1635301742129278,
           0.3268532485196042,
           -0.321013065233209,
           -0.05139115917344696,
           -0.14788875031016616,
           -0.013588829059284399,
           0.2088647554671869,
           -0.20539800518883702,
           -0.321013065233209,
           -0.0036358971484742315,
           -0.321013065233209,
           0.12673537300697282,
           -0.321013065233209,
           0.10379680498154166,
           -0.321013065233209,
           0.03787990020728151,
           -0.321013065233209,
           0.22384098246010228,
           -0.321013065233209,
           0.21171599176513148
          ],
          [
           0.014569323728667328,
           0.22017333857627205,
           0.09684793625647482,
           -0.11389023002193575,
           0.24789985628615108,
           0.24739796321413568,
           0.3521499677959872,
           1,
           0.6511738315787816,
           0.19335642223784713,
           -0.2473979632141356,
           0.4904339694400294,
           0.7870655284726782,
           -0.7635565582865729,
           0.004903839415022829,
           -0.07468085092684262,
           0.0305503580723098,
           0.2716246710861263,
           -0.3774373156841074,
           -0.7635565582865729,
           0.296594192000567,
           -0.7635565582865729,
           0.44178009435947463,
           -0.7635565582865729,
           0.4826920482732954,
           -0.7635565582865729,
           0.3383042642201546,
           -0.7635565582865729,
           0.6296031609781678,
           -0.7635565582865729,
           0.6274288843898599
          ],
          [
           0.00008030345627874582,
           0.1030061840795253,
           0.3175040180528807,
           0.06207819481604354,
           0.8261783979502434,
           0.11321354444457563,
           0.15857437033154356,
           0.6511738315787816,
           1,
           -0.19832426260399486,
           -0.11321354444457588,
           0.4685038161636605,
           0.36165543578004633,
           -0.3752228425945091,
           0.17081388562935462,
           0.35448077651085985,
           0.18291458126297627,
           -0.05924588832828427,
           -0.295758423135486,
           -0.3752228425945091,
           0.4116505266521841,
           -0.3752228425945091,
           0.5092260122231487,
           -0.3752228425945091,
           0.5219828797811954,
           -0.3752228425945091,
           0.4318827713275005,
           -0.3752228425945091,
           0.5149734780630059,
           -0.3752228425945091,
           0.520121782100853
          ],
          [
           0.008612095078997803,
           0.1508893281764724,
           -0.15044754495917612,
           -0.16422140157972534,
           -0.35222867011307873,
           0.011941980029003048,
           0.1918253316664687,
           0.19335642223784713,
           -0.19832426260399486,
           1,
           -0.011941980029003086,
           0.040102127699826115,
           0.30801974494482265,
           -0.22789044975609363,
           -0.1778200183499078,
           -0.30225346934965014,
           -0.13430175066262848,
           0.30191874901128485,
           -0.09168283858842924,
           -0.22789044975609363,
           -0.17122629194855227,
           -0.22789044975609363,
           -0.08225486893814253,
           -0.22789044975609363,
           -0.0661597912802896,
           -0.22789044975609363,
           -0.16467355590159402,
           -0.22789044975609363,
           0.06322774611875737,
           -0.22789044975609363,
           0.061381548015186964
          ],
          [
           -0.00648767213620821,
           -0.008576401079279376,
           -0.017705663223972053,
           0.001761678544683746,
           -0.008448206732743829,
           -1,
           -0.016504805732569572,
           -0.2473979632141356,
           -0.11321354444457588,
           -0.011941980029003086,
           1,
           -0.27968999474291306,
           -0.2899989345730814,
           -0.17220876982805305,
           0.00279064309863245,
           -0.0035189075685081806,
           0.0077211600090993935,
           -0.0030618298454300617,
           0.0033187895436076146,
           -0.17220876982805305,
           0.09289270011220858,
           -0.17220876982805305,
           0.052312242947635604,
           -0.17220876982805305,
           0.07122688671747497,
           -0.17220876982805305,
           0.09633961826825942,
           -0.17220876982805305,
           0.02257359179493701,
           -0.17220876982805305,
           0.03295889236478096
          ],
          [
           0.008413655871516405,
           0.14294817476276167,
           0.14205707936228554,
           -0.0245258044141005,
           0.3319405556091875,
           0.2796899947429133,
           0.1635301742129278,
           0.4904339694400294,
           0.4685038161636605,
           0.040102127699826115,
           -0.27968999474291306,
           1,
           0.366083249611789,
           -0.21056352377913026,
           -0.0037935880457818424,
           0.10625270251960481,
           0.06004835777743554,
           0.08361817831666876,
           -0.2272063004280584,
           -0.21056352377913026,
           0.09810813969726401,
           -0.21056352377913026,
           0.20223701632049465,
           -0.21056352377913026,
           0.2011365325449602,
           -0.21056352377913026,
           0.10057130998573939,
           -0.21056352377913026,
           0.25715163510824723,
           -0.21056352377913026,
           0.2587514919937776
          ],
          [
           0.011286442720116632,
           0.2553377729551272,
           0.0003036654164642693,
           -0.165818358755422,
           0.019720367686755655,
           0.2899989345730813,
           0.3268532485196042,
           0.7870655284726782,
           0.36165543578004633,
           0.30801974494482265,
           -0.2899989345730814,
           0.366083249611789,
           1,
           -0.46579271044600296,
           -0.076324090894692,
           -0.21152603536967934,
           -0.05007665545044694,
           0.336409778025587,
           -0.3068341295762488,
           -0.46579271044600296,
           -0.030695710962353,
           -0.46579271044600296,
           0.16565089083393228,
           -0.46579271044600296,
           0.17604889095154463,
           -0.46579271044600296,
           -0.020492402500577496,
           -0.46579271044600296,
           0.32934852591155744,
           -0.46579271044600296,
           0.3229226980848275
          ],
          [
           -0.006025751154069734,
           -0.1827417229067252,
           0.000615165086389719,
           0.13981188531167849,
           -0.03906198211042829,
           0.17220876982805305,
           -0.321013065233209,
           -0.7635565582865729,
           -0.3752228425945091,
           -0.22789044975609363,
           -0.17220876982805305,
           -0.21056352377913026,
           -0.46579271044600296,
           1,
           0.03800394241916657,
           0.21827822340960498,
           0.0010297293228974508,
           -0.28491664585002247,
           0.3213607323178355,
           1,
           -0.33340270489645063,
           1,
           -0.38159329680772747,
           1,
           -0.38075433795295827,
           1,
           -0.3362982846984598,
           1,
           -0.41555189388029695,
           1,
           -0.4186750789702156
          ],
          [
           -0.008025643075007383,
           -0.04626244292701932,
           0.08278330748148334,
           0.06836848043822046,
           0.20257047544941764,
           -0.0027906430986324826,
           -0.05139115917344696,
           0.004903839415022829,
           0.17081388562935462,
           -0.1778200183499078,
           0.00279064309863245,
           -0.0037935880457818424,
           -0.076324090894692,
           0.03800394241916657,
           1,
           -0.2895095723414522,
           0.0675894142068618,
           -0.10912981441493752,
           -0.0001162210619356353,
           0.038003942419166575,
           0.10016245689105187,
           0.038003942419166575,
           0.08372237279771919,
           0.038003942419166575,
           0.10249519931671613,
           0.038003942419166575,
           0.09577473766009509,
           0.038003942419166575,
           0.061612433829261126,
           0.038003942419166575,
           0.06492603542901958
          ],
          [
           0.0036950508034765835,
           -0.11700001812504586,
           0.2480906545375639,
           0.20461344694774097,
           0.5585326708193885,
           0.0035189075685082005,
           -0.14788875031016616,
           -0.07468085092684262,
           0.35448077651085985,
           -0.30225346934965014,
           -0.0035189075685081806,
           0.10625270251960481,
           -0.21152603536967934,
           0.21827822340960498,
           -0.2895095723414522,
           1,
           0.1732648524269049,
           -0.2821379770975388,
           -0.004704962197150836,
           0.21827822340960495,
           0.1917733991520229,
           0.21827822340960495,
           0.11139959504621785,
           0.21827822340960495,
           0.16509639131423726,
           0.21827822340960495,
           0.2408235565292048,
           0.21827822340960495,
           0.07204904102060988,
           0.21827822340960495,
           0.07395984413698505
          ],
          [
           -0.0012147794729687603,
           -0.024135372360318853,
           0.08202919645732594,
           0.06026700017636762,
           0.2330055250125013,
           -0.00772116000909938,
           -0.013588829059284399,
           0.0305503580723098,
           0.18291458126297627,
           -0.13430175066262848,
           0.0077211600090993935,
           0.06004835777743554,
           -0.05007665545044694,
           0.0010297293228974508,
           0.0675894142068618,
           0.1732648524269049,
           1,
           -0.37332228593657535,
           -0.28604941899078024,
           0.001029729322897456,
           0.11572065517555438,
           0.001029729322897456,
           0.0907847854525702,
           0.001029729322897456,
           0.11155436356101242,
           0.001029729322897456,
           0.11727230654467369,
           0.001029729322897456,
           0.04043308035426149,
           0.001029729322897456,
           0.04857480053298373
          ],
          [
           -0.000752180701195118,
           0.17171777869093566,
           -0.0838516893627104,
           -0.15064248847911282,
           -0.20836250343948987,
           0.00306182984543006,
           0.2088647554671869,
           0.2716246710861263,
           -0.05924588832828427,
           0.30191874901128485,
           -0.0030618298454300617,
           0.08361817831666876,
           0.336409778025587,
           -0.28491664585002247,
           -0.10912981441493752,
           -0.2821379770975388,
           -0.37332228593657535,
           1,
           -0.387371870906257,
           -0.28491664585002247,
           -0.11233777625407043,
           -0.28491664585002247,
           -0.00040771587258831753,
           -0.28491664585002247,
           -0.003350773408871404,
           -0.28491664585002247,
           -0.11483871499570032,
           -0.28491664585002247,
           0.14462638547453488,
           -0.28491664585002247,
           0.1379663754069012
          ],
          [
           -0.013744173305346297,
           -0.1534774904289598,
           -0.0951248588229323,
           0.05907101281466744,
           -0.23385205012387283,
           -0.0033187895436075673,
           -0.20539800518883702,
           -0.3774373156841074,
           -0.295758423135486,
           -0.09168283858842924,
           0.0033187895436076146,
           -0.2272063004280584,
           -0.3068341295762488,
           0.3213607323178355,
           -0.0001162210619356353,
           -0.004704962197150836,
           -0.28604941899078024,
           -0.387371870906257,
           1,
           0.3213607323178356,
           -0.08079805377720088,
           0.3213607323178356,
           -0.17416391693980945,
           0.3213607323178356,
           -0.18737348746355148,
           0.3213607323178356,
           -0.0855085067703288,
           0.3213607323178356,
           -0.24774242360741977,
           0.3213607323178356,
           -0.2505954638083168
          ],
          [
           -0.006025751154069734,
           -0.1827417229067252,
           0.000615165086389719,
           0.13981188531167849,
           -0.03906198211042829,
           0.17220876982805305,
           -0.321013065233209,
           -0.7635565582865729,
           -0.3752228425945091,
           -0.22789044975609363,
           -0.17220876982805305,
           -0.21056352377913026,
           -0.46579271044600296,
           1,
           0.038003942419166575,
           0.21827822340960495,
           0.001029729322897456,
           -0.28491664585002247,
           0.3213607323178356,
           1,
           -0.33340270489645063,
           1,
           -0.38159329680772747,
           1,
           -0.38075433795295827,
           1,
           -0.3362982846984598,
           1,
           -0.41555189388029695,
           1,
           -0.4186750789702156
          ],
          [
           0.017020796813959366,
           -0.038652704497195135,
           0.14310622750264376,
           0.08097166023248388,
           0.3272027731682451,
           -0.09289270011220853,
           -0.0036358971484742315,
           0.296594192000567,
           0.4116505266521841,
           -0.17122629194855227,
           0.09289270011220858,
           0.09810813969726401,
